1	6000
5	0	0.001	1000.0	2000000.0
1	0	1	2	0	1	1	1	1	0
2e-05	0.002	0.05	1e-06	0.0005	0.0
4.0282966814767297e-10	0.005	863853.0567083246	500000.0	34.809513628625474
0.000954	-3.878844295824879	3.5320306128466266	0.00013460671433041758	-0.2941642624715311	-0.322851244898227	-0.00017821962410943757
0.000286	-8.266761207280464	1.4516723856084268	-0.0011152141695897281	-0.059672289770240056	-0.3398922034176496	6.693660471701499e-05
4.5e-05	-10.74936896376247	-2.5431404244837257	-0.001104061995553557	0.06917996944213631	-0.292761799044752	6.304081974529918e-05
4.5e-05	3.6759565126819655	14.049265217411413	0.011474296121749333	-0.25405443611257356	0.0660960411843755	1.0683738412333775e-05
4.5e-05	-15.06995748400062	-11.755977814479477	0.0019417724276197955	0.14076910843022825	-0.180407478102456	9.074774594944122e-05
