1	6000
5	0	0.001	2000.0	10000000.0
1	0	1	2	0	1	1	1	1	0
2e-05	0.002	0.05	1e-06	0.0005	0.0
2.138805615880952e-09	0.005	590992.8023650616	500000.0	146.57250571968956
0.000954	-1.642162649521271	4.9792761657571605	-3.3160612398906116e-05	-0.4150839089978338	-0.1366902741490544	0.000303872678584386
0.000286	-6.338957690930143	-5.49667951626582	-0.0019383611985291777	0.22633363535711862	-0.2606656332355597	-8.436702053730981e-05
4.37e-05	3.1053079260183907	-10.619354869692247	-0.0044054163558726505	0.2882003250988433	0.08450961610931096	-0.0002982554758235465
4.37e-05	4.274129474809409	13.902558056606184	0.0023339387140011805	-0.2505156968249049	0.07707760657128657	9.892887486047024e-05
5.15e-05	18.035781191928457	-6.322106658351932	0.006005658183063591	0.07564399294210282	0.21598075800222455	-7.611209395214525e-05
