1	6000
5	0	0.001	2000.0	10000000.0
1	0	1	2	0	1	1	1	1	0
2e-05	0.002	0.05	1e-06	0.0005	0.0
5.423318983316655e-11	0.0005	498064.2051157707	500000.0	42.14663405401533
0.000954	-4.038978439632592	-3.351594030832133	0.00039672350855357954	0.27889766313933706	-0.335861117759303	-9.273652433714937e-05
0.000286	2.36285599881024	6.554853149758657	0.002691114578062015	-0.35668868780665847	0.12789322693291005	0.0002986156305954576
4.37e-05	-8.948760489477081	-2.054735993663537	0.0027314047073601177	0.073820875539429	-0.3215348890381217	-6.840623700903147e-05
4.37e-05	10.9512871548409	5.054839126883467	-0.009738342823210951	-0.12045706760371136	0.2617186593094273	-2.2791115195626102e-07
5.15e-05	-7.528655950658714	14.002798439603913	-0.001553527661853772	-0.22079438725325395	-0.118882114743155	7.83731680947869e-05
